0.0000 0.002477 1100 0.00074
0.0025 0.002973 1128 0.0008476
0.0055 0.003567 1161 0.000971
0.0090 0.004281 1198 0.001111
0.0133 0.005137 1239 0.001269
0.0184 0.006164 1285 0.001444
0.0246 0.007397 1335 0.001635
0.0320 0.008877 1389 0.001839
0.0409 0.01065 1446 0.002054
0.0515 0.01278 1503 0.002273
0.0643 0.01534 1560 0.002489
0.0796 0.01841 1614 0.002695
0.0981 0.02209 1663 0.002881
0.1201 0.02651 1705 0.003041
0.1466 0.03181 1739 0.003169
0.1785 0.03817 1764 0.003264
0.2166 0.0458 1781 0.003328
0.2624 0.05496 1791 0.003366
0.3174 0.06595 1796 0.003387
0.3833 0.07914 1799 0.003396
0.4625 0.09497 1800 0.003399
