20090705
20090713
20090810
20090906
20091003
20091031
20091127
20091224
20100107
20100203
20100303
20100330
20100426
20100523
20100620
20100703
20100731
20100827
20100923
20101021
20101117
20101214
20101228
20110124
20110220
20110320
20110416
20110513
20110610
20110625
20110721
20110817
20110913
20111010
20111107
20111222
20120114
20120210
20120308
20120405
20120502
20120529
20120618
20120709
20120806
20120902
20120929
20121026
20121123
20121214
20130102
20130130
20130226
20130325
20130422
20130519
20130610
20130629
20130726
20130822
20130919
20131016
20131112
20131206
20131223
20140119
20140216
20140315
20140411
20140508
20140531
20140618
20140715
20140812
20140908
20141005
20141101
20141126
20141212
20150109
20150205
20150304
20150331
20150428
20150519
20150608
20150705
20150801
20150828
20150925
20151022
20151113
20151202
20151229
20160125
20160221
20160319
20160416
20160504
20160527
20160623
20160720
20160816
20160913
